expectation <-
structure(list(tnr = c(10056, 10056, 10056, 10056, 10056, 10056, 
10056, 10056, 10056, 10056, 10056, 10056, 10056, 10056, 10056, 
10056, 10056, 10056, 10056, 10056, 10056, 10056, 10056, 10056, 
1028, 1028, 1028, 1028, 1028, 1028, 1028, 1028, 1028, 1028, 1028, 
1028, 1028, 1028, 1028, 1028, 1028, 1028, 1028, 1028, 1028, 1028, 
1028, 10988, 10988, 10988, 10988, 10988, 10988, 10988, 10988, 
10988, 10988, 10988, 10988, 10988, 10988, 10988, 10988, 12205, 
12205, 12205, 12205, 12205, 12205, 12205, 12205, 12205, 12205, 
12205, 12205, 12205, 12205, 12205, 14923, 14923, 14923, 14923, 
14923, 14923, 14923, 14923, 14923, 14923, 14923, 14923, 14923, 
14923, 14923, 14923, 14923, 14923, 14923, 14923, 14923, 14923, 
14923, 14923, 14923, 14923, 14923, 15072, 15072, 15072, 15072, 
15072, 15072, 15072, 15072, 166, 166, 166, 166, 166, 1676, 1676, 
1676, 1676, 1676, 1678, 1678, 1678, 1678, 1678, 1678, 1678, 1678, 
1678, 1678, 1678, 1678, 1678, 1678, 1678, 1678, 1678, 1678, 1678, 
1678, 1751, 1751, 1751, 1751, 1751, 1751, 1751, 1751, 1751, 1751, 
1751, 1751, 1751, 1751, 1751, 1751, 1751, 1751, 1751, 1751, 1751, 
1929, 1929, 1929, 1929, 1929, 1929, 1929, 1929, 1929, 1929, 1929, 
1929, 1929, 1929, 1929, 1929, 1929, 1929, 1929, 1929, 1929, 1929, 
1929, 1929, 1929, 1929, 1929, 1929, 1929, 1929, 1929, 2337, 2337, 
2337, 2337, 2337, 2337, 2337, 2337, 2337, 2337, 2337, 2337, 2337, 
2337, 2337, 2337, 2337, 2337, 2337, 2337, 2337, 2337, 2337, 2337, 
2337, 2337, 2337, 2337, 2337, 2337, 2337, 2337, 2370, 2370, 2370, 
2370, 2370, 2370, 2370, 2370, 2370, 2370, 2370, 2370, 2370, 2370, 
2370, 2370, 2446, 2446, 2446, 2446, 2446, 2446, 2446, 2446, 2446, 
2446, 2446, 2446, 2446, 2446, 2446, 2446, 2446, 2597, 2597, 2597, 
2597, 2597, 2597, 2597, 2597, 2597, 2597, 2597, 2597, 2597, 2597, 
2597, 2597, 2597, 2597, 2597, 2597, 2597, 2597, 2597, 2597, 2597, 
2597, 2597, 2597, 2597, 2597, 2597, 2597, 2597, 2597, 2607, 2607, 
2607, 2607, 2607, 2607, 2607, 2607, 2607, 2607, 2607, 2607, 2607, 
2607, 2607, 2607, 2607, 2607, 2607, 2607, 2607, 2607, 2607, 2607, 
2607, 2607, 2607, 2607, 2607, 2607, 2607, 2607, 2607, 2607, 2942, 
2942, 2942, 2942, 2942, 2942, 2942, 2942, 2942, 2942, 3249, 3249, 
3249, 3249, 3249, 3249, 3249, 3249, 3249, 3249, 3249, 3251, 3251, 
3251, 3251, 3251, 3251, 3251, 3251, 3251, 3251, 3251, 3251, 3251, 
3251, 3251, 3251, 3251, 3251, 3251, 3251, 3251, 3251, 3251, 3251, 
3251, 3261, 3261, 3261, 3261, 3261, 3261, 3261, 3261, 3261, 3261, 
3261, 3261, 3261, 3261, 3261, 3261, 3261, 3261, 3495, 3495, 3495, 
3495, 3495, 3495, 3495, 3495, 3495, 3495, 3495, 3495, 3495, 3495, 
3495, 3495, 3495, 3495, 3495, 3495, 3495, 3495, 3495, 3495, 3495, 
3495, 3495, 3495, 3495, 3495, 3495, 3495, 3495, 3495, 3495, 3495, 
3495, 3495, 3495, 3514, 3514, 3514, 3514, 3514, 3514, 3514, 3514, 
3514, 3514, 3514, 3514, 3514, 3514, 3604, 3604, 3604, 3604, 3604, 
3604, 3604, 3604, 3604, 3604, 3604, 3604, 3604, 4114, 4114, 4114, 
4114, 4114, 4114, 4114, 4114, 4114, 4114, 4114, 4114, 4114, 4114, 
4114, 4114, 4114, 4114, 4114, 4114, 4114, 4114, 4114, 4114, 4114, 
4114, 4114, 4114, 4239, 4239, 4239, 4239, 4239, 4239, 4239, 4239, 
4239, 4239, 4239, 4239, 4239, 4717, 4717, 4717, 4717, 4717, 4717, 
4717, 4717, 4717, 4717, 4717, 4717, 4717, 4717, 4717, 4717, 4717, 
4717, 4717, 4717, 4717, 4717, 4717, 4717, 4717, 4717, 4717, 4717, 
4717, 4717, 4717, 4717, 4717, 4717, 4717, 5021, 5021, 5021, 5021, 
5021, 5021, 5021, 5021, 5021, 5021, 5021, 5021, 5021, 5021, 5318, 
5318, 5318, 5318, 5318, 5318, 5318, 5318, 5318, 5318, 5318, 5318, 
5318, 5318, 5318, 5318, 5318, 5318, 5318, 5318, 5318, 5318, 5318, 
5318, 5318, 5318, 5318, 5318, 5318, 5318, 5318, 5318, 5318, 5318, 
5318, 5320, 5320, 5320, 5320, 5320, 5320, 5320, 5320, 5320, 5320, 
5320, 5320, 5320, 5320, 5320, 5320, 5320, 5320, 5320, 5320, 5320, 
5320, 5320, 5320, 5320, 5320, 5320, 5993, 5993, 5993, 5993, 5993, 
5993, 5993, 5993, 5993, 6288, 6288, 6288, 6288, 6288, 6288, 6288, 
6288, 6288, 6288, 6288, 6288, 6288, 6638, 6638, 6638, 6638, 6638, 
6638, 6638, 6638, 6638, 6638, 6638, 6878, 6878, 6878, 6878, 6878, 
6878, 6878, 6878, 6878, 6878, 6878, 6878, 6878, 6878, 6878, 6878, 
6878, 6878, 6878, 6878, 6878, 6878, 6937, 6937, 6937, 6937, 6937, 
6937, 6937, 6937, 6937, 6937, 6937, 6937, 6937, 6937, 6937, 6937, 
6937, 6937, 6937, 6937, 6937, 6937, 6937, 6937, 6937, 6937, 6937, 
6937, 6937, 6937, 6937, 6937, 6937, 7044, 7044, 7044, 7044, 7044, 
7044, 7044, 7044, 7044, 7044, 7044, 7044, 7044, 7044, 7044, 7044, 
7044, 7044, 7044, 7044, 7044, 7044, 7044, 7044, 7044, 7546, 7546, 
7546, 7546, 7546, 7546, 7546, 7546, 7546, 7546, 7546, 7546, 7546, 
7546, 7546, 7546, 7546, 7546, 7546, 7546, 7546, 7546, 7546, 7546, 
7546, 7546, 7546, 8662, 8662, 8662, 8662, 8662, 8662, 8662, 8662, 
8662, 8662, 8662, 8662, 8662, 8662, 8662, 8662, 8662, 8662, 8662, 
8662, 8662, 8662, 8662, 8662, 8662, 8662, 8928, 8928, 8928, 8928, 
8928, 8928, 8928, 8928, 8928, 8928, 8928, 9448, 9448, 9448, 9448, 
9448, 9448, 9448, 9448, 9448, 9448, 9448, 9448, 9448, 9448, 9448, 
9448, 9448, 9448, 9823, 9823, 9823, 9823, 9823, 9823, 9823, 9823, 
9823, 9823, 9823, 9823, 9823, 9823, 9823, 9823, 9823, 9823, 9823, 
9823, 9823, 9823, 9823, 9823, 9823, 9823, 9823, 9823, 9823, 9823, 
9823, 9823, 1678), enr = c(1, 1, 1, 1, 1, 1, 1, 1, 1, 1, 1, 1, 
1, 2, 2, 2, 2, 2, 2, 4, 4, 4, 4, 4, 1, 1, 1, 1, 1, 1, 1, 1, 2, 
2, 2, 2, 2, 2, 2, 3, 3, 3, 3, 3, 3, 3, 4, 1, 1, 1, 1, 2, 2, 2, 
3, 3, 3, 3, 3, 4, 4, 4, 4, 4, 4, 4, 4, 4, 4, 4, 4, 4, 4, 4, 4, 
4, 4, 4, 1, 1, 1, 1, 1, 1, 1, 1, 1, 2, 2, 2, 2, 2, 2, 2, 2, 2, 
4, 4, 4, 4, 4, 4, 4, 4, 4, 3, 3, 3, 3, 3, 4, 4, 4, 2, 2, 2, 2, 
2, 1, 1, 1, 1, 1, 1, 1, 1, 1, 1, 1, 2, 2, 2, 2, 2, 2, 2, 2, 2, 
3, 3, 3, 3, 4, 1, 1, 1, 1, 1, 1, 1, 1, 2, 2, 3, 3, 3, 3, 3, 4, 
4, 4, 4, 4, 4, 1, 1, 1, 1, 1, 1, 1, 1, 1, 1, 2, 2, 2, 2, 3, 3, 
3, 3, 3, 3, 3, 3, 3, 3, 4, 4, 4, 4, 4, 4, 4, 1, 1, 1, 1, 1, 1, 
1, 1, 2, 2, 2, 2, 3, 3, 3, 3, 3, 3, 3, 3, 3, 3, 3, 3, 3, 3, 3, 
3, 3, 3, 3, 3, 1, 1, 1, 1, 1, 1, 2, 2, 2, 2, 2, 2, 2, 2, 2, 2, 
1, 1, 1, 1, 1, 2, 2, 2, 2, 2, 4, 4, 4, 4, 4, 4, 4, 1, 1, 1, 1, 
1, 1, 1, 1, 1, 2, 2, 2, 2, 3, 3, 3, 3, 3, 3, 3, 3, 3, 3, 4, 4, 
4, 4, 4, 4, 4, 4, 4, 4, 4, 1, 1, 1, 1, 1, 1, 1, 1, 2, 2, 2, 2, 
2, 2, 2, 2, 2, 2, 2, 4, 4, 4, 4, 4, 4, 4, 4, 4, 4, 4, 4, 4, 4, 
4, 2, 2, 2, 2, 2, 2, 2, 2, 2, 4, 1, 1, 4, 4, 4, 4, 4, 4, 4, 4, 
4, 1, 1, 1, 1, 1, 1, 1, 2, 3, 3, 3, 3, 3, 3, 3, 3, 3, 3, 4, 4, 
4, 4, 4, 4, 4, 1, 1, 1, 1, 1, 1, 1, 1, 1, 1, 4, 4, 4, 4, 4, 4, 
4, 4, 1, 1, 1, 1, 1, 1, 1, 1, 1, 1, 1, 1, 1, 1, 2, 2, 2, 2, 2, 
2, 2, 2, 2, 2, 2, 2, 2, 2, 3, 3, 3, 3, 3, 3, 3, 4, 4, 4, 4, 1, 
1, 1, 1, 1, 1, 1, 1, 4, 4, 4, 4, 4, 4, 2, 2, 2, 2, 2, 2, 2, 2, 
2, 2, 2, 2, 2, 1, 1, 1, 1, 1, 1, 1, 1, 2, 2, 2, 2, 2, 2, 2, 2, 
2, 3, 3, 4, 4, 4, 4, 4, 4, 4, 4, 4, 1, 1, 1, 1, 1, 1, 4, 4, 4, 
4, 4, 4, 4, 1, 1, 1, 1, 1, 1, 1, 1, 1, 1, 1, 1, 1, 2, 2, 2, 2, 
2, 2, 2, 2, 2, 2, 2, 2, 4, 4, 4, 4, 4, 4, 4, 4, 4, 4, 1, 1, 1, 
1, 1, 1, 1, 1, 2, 2, 2, 2, 2, 2, 1, 1, 1, 1, 1, 1, 1, 1, 2, 3, 
3, 3, 3, 3, 3, 3, 3, 3, 3, 3, 3, 4, 4, 4, 4, 4, 4, 4, 4, 4, 4, 
4, 4, 4, 4, 1, 1, 1, 1, 1, 1, 1, 1, 1, 1, 2, 2, 2, 2, 2, 3, 3, 
3, 3, 3, 3, 3, 4, 4, 4, 4, 4, 3, 3, 3, 3, 3, 3, 3, 3, 3, 2, 2, 
2, 2, 2, 2, 2, 2, 2, 2, 2, 2, 2, 2, 2, 2, 2, 3, 3, 3, 3, 3, 3, 
3, 1, 2, 2, 2, 2, 2, 2, 2, 2, 2, 3, 3, 3, 3, 3, 3, 3, 3, 3, 4, 
4, 4, 1, 1, 1, 1, 1, 1, 1, 1, 1, 1, 1, 2, 2, 2, 2, 3, 3, 3, 3, 
3, 3, 3, 3, 3, 3, 3, 4, 4, 4, 4, 4, 4, 4, 1, 1, 1, 2, 2, 2, 2, 
2, 3, 3, 3, 3, 3, 3, 3, 4, 4, 4, 4, 4, 4, 4, 4, 4, 4, 1, 1, 1, 
1, 2, 2, 2, 2, 2, 2, 2, 3, 3, 3, 3, 3, 3, 4, 4, 4, 4, 4, 4, 4, 
4, 4, 4, 1, 1, 1, 1, 1, 1, 1, 2, 2, 2, 2, 2, 2, 2, 2, 3, 3, 3, 
3, 3, 3, 4, 4, 4, 4, 4, 4, 4, 4, 4, 4, 4, 4, 4, 4, 4, 4, 1, 3, 
3, 3, 3, 3, 4, 4, 4, 4, 4, 4, 4, 4, 4, 4, 4, 4, 1, 1, 1, 1, 1, 
1, 1, 1, 2, 2, 2, 2, 2, 2, 2, 2, 2, 2, 2, 3, 3, 3, 3, 3, 3, 3, 
3, 4, 4, 4, 4, 4, 3),